  -1.5861223e-04
  -4.6877722e-05
   3.0964134e-04
   8.5094830e-04
   1.3203146e-03
   1.3209689e-03
   5.0118877e-04
  -1.1900291e-03
  -3.3041315e-03
  -4.8973305e-03
  -4.8240015e-03
  -2.2737239e-03
   2.6448473e-03
   8.5651420e-03
   1.3032588e-02
   1.3276174e-02
   7.4098441e-03
  -4.3597049e-03
  -1.9057097e-02
  -3.1227665e-02
  -3.4305944e-02
  -2.2747085e-02
   5.7646667e-03
   4.8857777e-02
   9.9416927e-02
   1.4712341e-01
   1.8121034e-01
   1.9357486e-01
   1.8121034e-01
   1.4712341e-01
   9.9416927e-02
   4.8857777e-02
   5.7646667e-03
  -2.2747085e-02
  -3.4305944e-02
  -3.1227665e-02
  -1.9057097e-02
  -4.3597049e-03
   7.4098441e-03
   1.3276174e-02
   1.3032588e-02
   8.5651420e-03
   2.6448473e-03
  -2.2737239e-03
  -4.8240015e-03
  -4.8973305e-03
  -3.3041315e-03
  -1.1900291e-03
   5.0118877e-04
   1.3209689e-03
   1.3203146e-03
   8.5094830e-04
   3.0964134e-04
  -4.6877722e-05
  -1.5861223e-04
