   0.0000000
   0.0000000
   0.0000000
   0.0000000
  -3.5776342e-19
  -2.8246958e-04
  -5.2545748e-04
  -4.7511454e-04
   9.2667039e-19
   7.3116309e-04
   1.2538346e-03
   1.0624035e-03
  -1.7461690e-18
  -1.4820695e-03
  -2.4461514e-03
  -2.0052549e-03
   2.8017757e-18
   2.6495859e-03
   4.2760668e-03
   3.4363023e-03
  -4.0434142e-18
  -4.3919955e-03
  -6.9913688e-03
  -5.5514375e-03
   5.3877780e-18
   6.9622971e-03
   1.1005865e-02
   8.6932798e-03
  -6.7263580e-18
  -1.0848866e-02
  -1.7161210e-02
  -1.3597717e-02
   7.9381926e-18
   1.7232115e-02
   2.7629844e-02
   2.2306638e-02
  -8.9054952e-18
  -3.0014481e-02
  -5.0438998e-02
  -4.3466766e-02
   9.5297171e-18
   7.4088543e-02
   1.5826827e-01
   2.2476507e-01
   2.5000000e-01
   2.2476507e-01
   1.5826827e-01
   7.4088543e-02
   9.5297171e-18
  -4.3466766e-02
  -5.0438998e-02
  -3.0014481e-02
  -8.9054952e-18
   2.2306638e-02
   2.7629844e-02
   1.7232115e-02
   7.9381926e-18
  -1.3597717e-02
  -1.7161210e-02
  -1.0848866e-02
  -6.7263580e-18
   8.6932798e-03
   1.1005865e-02
   6.9622971e-03
   5.3877780e-18
  -5.5514375e-03
  -6.9913688e-03
  -4.3919955e-03
  -4.0434142e-18
   3.4363023e-03
   4.2760668e-03
   2.6495859e-03
   2.8017757e-18
  -2.0052549e-03
  -2.4461514e-03
  -1.4820695e-03
  -1.7461690e-18
   1.0624035e-03
   1.2538346e-03
   7.3116309e-04
   9.2667039e-19
  -4.7511454e-04
  -5.2545748e-04
  -2.8246958e-04
  -3.5776342e-19
